109
117
118
98
102
94
101
109
121
126
117
116
134
119
98
97
96
98
101
107
123
134
137
160
171
188
189
188
169
163
182
184
187
184
196
199
218
222
223
218
214
220
215
223
226
228
236
237
268
277
282
284
285
288
289
313
322
331
335
331
316
323
314
313
314
301
302
320
315
323
324
346
347
362
376
377
378
379
381
391
392
395
391
393
399
401
403
428
423
422
427
430
432
431
433
449
456
455
456
457
456
460
461
460
459
460
467
468
505
506
513
505
509
510
511
521
522
523
525
521
514
517
510
507
534
543
554
552
578
587
593
598
591
592
579
580
576
594
593
594
598
610
611
609
607
606
609
616
617
605
604
616
628
641
642
643
644
641
652
645
637
652
651
648
649
647
650
651
652
660
675
672
643
624
633
635
626
642
645
651
658
671
674
684
687
668
675
650
662
680
679
701
704
716
720
727
736
734
738
735
742
754
781
777
778
792
795
797
796
816
819
829
839
846
839
864
865
868
869
873
878
876
878
881
882
909
922
929
944
945
944
945
954
958
959
963
967
960
957
965
986
1006
986
1007
1010
1011
1000
1001
970
974
972
974
982
990
988
1002
1003
1027
1037
1034
1045
1036
1038
1036
1016
1015
1032
1038
1040
1041
1043
1046
1088
1105
1112
